     124     198        1 
     140     198        1 
     144     198        1 
     153     198        1 
     167     198        1
     176     198        1 
     184     198        1 
       1       8        1
       1      24        1
       1      35        1
       1      42        1
       1      46        1
       1      60        1
       1      74        1
       7      10        1
       7      11        1
       7      14        1
       7      19        1
       7      36        1
       7      49        1
       7      53        1
       7      55        1
       7      56        1
       7      57        1
       7      60        1
       7      61        1
     121     190        1 
     121     192        1 
     121     193        1 
     121     196        1 
       7     122        1 
       9     122        1 
      32     122        1 
      33     122        1 
      35     122        1 
      40     122        1 
      43     122        1 
      44     122        1 
      58     122        1 
      59     122        1 
      60     122        1 
      62     122        1 
      63     122        1 
      64     122        1 
      65     122        1 
      66     122        1 

